ScaleFactor1F_16: 1.339139
ScaleFactor2F_16: 1.715234
ScaleFactor1F_17: 1.152529
ScaleFactor2F_17: 1.485172
ScaleFactor1F_18: 1.233454
ScaleFactor2F_18: 1.065053
