ScaleFactor1F: 1.523756
ScaleFactor2F: 1.825835
ScaleFactor3F: 3.900000
