ScaleFactor1F: 1.313505
ScaleFactor2F: 0.626566
ScaleFactor3F: 0.000000
