ScaleFactor1F: 1.661861
ScaleFactor2F: 1.641766
ScaleFactor3F: 6.125000
