ScaleFactor1F: 0.723810
ScaleFactor2F: 2.638889
ScaleFactor3F: 0.000000
