ScaleFactor1F: 1.723464
ScaleFactor2F: 1.857488
ScaleFactor3F: 0.961165
