ScaleFactor1F: 2.824990
ScaleFactor2F: 8.169983
