ScaleFactor1F: 0.724351
ScaleFactor2F: 3.476298
