ScaleFactor1F: 1.186923
ScaleFactor2F: 0.786364
