ScaleFactor1F: 1.238501
ScaleFactor2F: 1.808824
