ScaleFactor1F: 0.885458
ScaleFactor2F: 1.719212
