ScaleFactor1F: 1.441730
ScaleFactor2F: 1.091149
