ScaleFactor1F: 2.731810
ScaleFactor2F: 7.432234
