ScaleFactor1F: 1.334053
ScaleFactor2F: 1.371128
