ScaleFactor1F: 1.266292
ScaleFactor2F: 1.188735
