ScaleFactor1F: 1.155490
ScaleFactor2F: 0.790462
