ScaleFactor1F_16: 1.175063
ScaleFactor2F_16: 0.912791
ScaleFactor1F_17: 0.866310
ScaleFactor2F_17: 0.395349
ScaleFactor1F_18: 0.935518
ScaleFactor2F_18: 3.072848
