ScaleFactor1F_16: 2.271439
ScaleFactor2F_16: 3.440341
ScaleFactor1F_17: 4.312313
ScaleFactor2F_17: 20.92804
ScaleFactor1F_18: 2.824990
ScaleFactor2F_18: 8.169983
