ScaleFactor1F_16: 1.972921
ScaleFactor2F_16: 1.343826
ScaleFactor1F_17: 1.434975
ScaleFactor2F_17: 0.344689
ScaleFactor1F_18: 0.724351
ScaleFactor2F_18: 3.476298
