ScaleFactor1F_16: 1.248322
ScaleFactor2F_16: 3.099174
ScaleFactor1F_17: 0.783081
ScaleFactor2F_17: 0.257143
ScaleFactor1F_18: 0.780684
ScaleFactor2F_18: 0.509138
