ScaleFactor1F: 2.271439
ScaleFactor2F: 3.440341
