ScaleFactor1F: 1.152529
ScaleFactor2F: 1.485172
