ScaleFactor1F: 1.087021
ScaleFactor2F: 0.628571
