ScaleFactor1F: 1.187759
ScaleFactor2F: 1.700061
