ScaleFactor1F: 0.866310
ScaleFactor2F: 0.395349
