ScaleFactor1F: 1.425474
ScaleFactor2F: 0.879781
