ScaleFactor1F: 1.972921
ScaleFactor2F: 1.343826
