ScaleFactor1F: 1.392181
ScaleFactor2F: 1.332386
