ScaleFactor1F: 1.808179
ScaleFactor2F: 2.129106
