ScaleFactor1F: 1.388970
ScaleFactor2F: 0.203125
