ScaleFactor1F: 1.085433
ScaleFactor2F: 1.874263
ScaleFactor3F: 2.892157
