ScaleFactor1F: 1.696744
ScaleFactor2F: 2.120635
ScaleFactor3F: 1.437811
