ScaleFactor1F: 0.794574
ScaleFactor2F: 1.038462
ScaleFactor3F: 2.774648
